a=[0.689, 1.237,1.950,2.467,3.432,3.848,4.659,5.088,6.074,6.443,7.1,7.803,9.5];

% Female studio
a2 = [0,0.685,1.218,1.955,2.473,3.440,3.840,4.631,5.128,6.084,6.472,7.123,7.824,9.536];

% 